xunzilength <- c(5,4,4,4,8,9,12,6,9,5,4,8,11,10,10,12,7,7,10,7,11,7,5,5,8,7,6,5,5,7,10,4,4,5,11,13,4,4,4,12,11,7,4,4,9,4,3,3,3,6,6,4,4,5,7,5,6,6,6,5,6,6,4,4,8,8,7,5,5,5,3,3,9,6,6,8,3,6,8,8,11,7,11,11,13,12,12,4,10,7,18,7,16,8,6,4,4,6,7,9,6,8,10,4,10,5,7,4,3,4,4,4,7,7,5,4,4,4,4,7,4,4,7,8,4,5,8,4,5,4,8,7,3,7,3,4,10,3,5,4,10,7,5,5)
daizhenlength <- c(5,7,10,6,5,4,7,9,15,4,7,5,7,4,5,5,6,4,9,7,4,4,5,4,4,6,8,7,6,6,3,4,4,7,6,9,10,11,6,7,4,6,5,10,10,7,5,5,4,5,5,4,4,12,5,4,8,9,6,13,13,6,11,10,9,9,4,5,5,5,9,7,9,6,5,7,6,5,4,5,8,4,8,5,10,8,7,9,8,6,5,7,7,5,6,6,4,3,3,3,4,6,4,7,10,4,4,4,4,9,8,7,10,15,7,7,4,7,4,4,4,4,6,4)